251019398
251019399
251019400
251017453
251017446
251017439
251012818
251012819
251012820
251012474
251012466
251010168
251009149
251009146
251009147
251009148
251002018
251002017
251002014
251002010
251002003
251001999
251001986
251001972
251001966
251000435
250913295
250911691
250911684
250911676
250908325
250908240
250908233
250908221
250908213
250907823
250907826
250906849
250906851
250906266
250906259
250902478
250902479
250902472
250902474
250902465
250902466
250900520
250900507
250809296
250809136
250808787
250808783
250807880
250807870
250807865
250804778
250804779
250804769
250804770
250804771
250804772
250804773
250804774
250803789
250803790
250803791
250803243
250803214
250803212
250803209
250803201
250803191
250803182
250803175
250803176
250803169
250803168
250801470
250801471
250801472
250801463
250801464
250801466
250801467
250801468
250800203
250800196
250800189
250800169
250800156
250721448
250719894
250719892
250719889
250719886
250719883
250719877
250719871
250719864
250719856
250719848
250719830
250719815
250719807
250719798
250719792
250719264
250716145
250716146
250716126
250715630
250713478
250712447
250712448
250712449
250712452
250712440
250712441
250712442
250712443
250712444
250712445
250712446
250711958
250711960
250711961
250711962
250711963
250711951
250711953
250711957
250707600
250646128
250646126
250646127
250646119
250646120
250646121
250643253
250643174
250643175
250643176
250643177
250643178
250643179
250642558
250642556
250642557
250640765
250640752
250640744
250640733
250640725
250640718
250640712
250637377
250637376
250637364
250637356
250637357
250637347
250637340
250637341
250629803
250629757
250629758
250629722
250600654
250521424
250521417
250517374
250517377
250517378
250512246
250512238
250512229
250508034
250508035
250502075
250502076
250502078
250419104
250419055
250418573
250417218
250417219
250417220
250414089
250414090
250414092
250414093
250414094
250412041
250412038
250409678
250409679
250409680
250409681
250406043
250406035
250402008
250402009
250400647
250309475
250309237
250308877
250308872
250308874
250308876
250308347
250308342
250308341
250308335
250308329
250306469
250306337
250306339
250303302
250302144
250302139
250301752
250300840
250300462
250206090
250206093
250204778
250204774
250204775
250204766
250204767
250204738
250204736
250203204
250203197
250203201
250203190
250203196
250203152
250203153
250202976
250201008
250116996
250111440
250111441
241205694
241205059
241202760
241202761
241202117
241104397
241104396
241104392
241102979
241102980
241102981
241101675
241101676
241101677
241005482
241004164
241004157
241003315
241002704
241001373
240903892
240903731
240804588
240803849
240803167
240803168
240803034
240802642
240802643
240802644
240802629
240802631
240802633
240704435
240704436
240704438
240704439
240702607
240702562
240602779
240602770
240602773
240504973
240503706
240404258
240404257
240401749
240300078
240201295
240201277
240201274
240200158
240200157
230904123
230903487
230903465
230901120
230302448
230502464
251019019
251001992
250906850
250902473
250902468
250809129
250808786
250808775
250808758
250808345
250808346
250807885
250806252
250804777
250803794
250803244
250803192
250801465
250800181
250719791
250716139
250712451
250711955
250646115
250642135
250640766
250640759
250640757
250640740
250637369
250637360
250637348
250629818
250629789
250629774
250629740
250629691
250512282
250512215
250508036
250414091
250412039
250412040
250406040
250406034
250406039
250400648
250400649
250400260
250308878
250308873
250308875
250308336
250307019
250307022
250307014
250307018
250306346
250306338
250305490
250302142
250302143
250302140
250301757
250301255
250301256
250301207
250206211
250206214
250206091
250205563
250204772
250204776
250204764
250204770
250203202
250203195
250116018
250111472
250111416
241203154
241203147
241104395
241104393
241101708
241100496
241100490
241100487
241100486
241100484
241100477
241001006
240908740
240802856
240802627
240802628
240802630
240802632
240702975
240603142
240602781
240602774
240502382
240404218
240302752
240201836
240101571
231100727
231002849
231002798
230803714
230703937
230703419
230600769
230304294
221201225
221101325
220806189
220700059
220700051
251100923
251100924
251100925
251100926
251017432
251013014
251012483
251012480
251012454
251012446
251010235
251010234
251010233
251001979
250902477
250902471
250902467
250900514
250900511
250809212
250809053
250809052
250808765
250808751
250807860
250803795
250803793
250803211
250803207
250803198
250800208
250719893
250719840
250719823
250716135
250716119
250714937
250714938
250712450
250711959
250711952
250711954
250646131
250646113
250640780
250640769
250640768
250640732
250640724
250640711
250637372
250517373
250517375
250517376
250512278
250512261
250512252
250512206
250512196
250512189
250508033
250419050
250419051
250419054
250419056
250414229
250307020
250307021
250307015
250307016
250302328
250301254
250301257
250206539
250206212
250116532
250116533
241100494
241100492
240300074
240300073
